6540616 4592090
8529062 7507241
1287623 6700387
5515860 7780320
1987437 1181226
2896715 2960354
9290804 8031392
8508251 4229623
4712558 2559658
4881784 5722819
4712024 4200252
7368335 2339350
5423949 504806
3862110 1421679
4210615 4428287
7944060 2004542
6292729 2535141
9312615 7501724
7531326 6617614
5721697 9117735
1707248 9082744
8214249 7149239
1192332 1143140
8111047 1280912
5549381 3675938
7657174 8286984
690892 3467191
8523603 3329247
7185987 5962335
4054495 2301225
4777061 7416643
7368748 3135010
6658396 5059994
8391143 4055007
2930429 4282957
7964548 1748952
1353087 8599568
5212993 7421117
8647070 3013663
5342251 6663777
1010526 2687399
1213100 1299110
6294356 2276506
5750062 3309826
3963980 3731611
7387580 6711003
796969 2250498
5313242 4460666
3701023 472587
5675970 7093085
2102587 9365744
7532008 8204907
5498471 4888382
6422754 3464346
3243655 3389059
8043675 6983027
572859 6512562
4100416 3158645
2566752 1079369
4628543 1290262
8420399 8155503
4587552 5430744
1042415 5650771
339937 51753
1119134 6994754
7817443 7533795
6074171 925213
3368934 793610
4220877 3389166
9200136 8809367
4549578 8050097
879674 6917112
3410881 6565226
8571488 9256426
4623813 3349464
1406836 9099701
2053882 3254112
2479992 4401693
5380599 4579667
7062740 1316014
2233564 7718597
4185488 4655184
4798379 9186496
3533383 5914837
1176829 5860536
2422562 7036057
1224861 1094468
1457873 4589311
4771300 9107782
5510423 1434592
2583905 7805312
8171513 6505061
7817453 7188774
1444702 3818033
8976501 842932
2235683 763234
6558381 5410451
2353703 100948
7221115 5743823
777626 2309041
